143,61 0,46242 2.553,1 2.738,1 6,8955
150 0,47088 2.564,4 2.752,8 6,9306
200 0,53434 2.647,2 2.860,9 7,1723
250 0,59520 2.726,4 2.964,5 7,3804
300 0,65489 2.805,1 3.067,1 7,5677
400 0,77265 2.964,9 3.273,9 7,9003
500 0,88936 3.129,8 3.485,3 8,1933
600 1,00558 3.301,0 3.703,3 8,4580
700 1,12152 3.479,0 3.927,6 8,7012
800 1,23730 3.663,9 4.158,9 8,9274
900 1,35298 3.855,7 4.396,9 9,1394
1.000 1,46859 4.054,3 4.641,7 9,3396
1.100 1,58414 4.259,2 4.892,9 9,5295
1.200 1,69966 4.470,2 5.150,0 9,7102
1.300 1,81516 4.686,7 5.412,8 9,8828
