81,32 3,2403 2.483,2 2.645,2 7,5931
100 3,4187 2.511,5 2.682,4 7,6953
150 3,8897 2.585,7 2.780,2 7,9413
200 4,3562 2.660,0 2.877,8 8,1592
250 4,8206 2.735,1 2.976,2 8,3568
300 5,2841 2.811,6 3.075,8 8,5387
400 6,2094 2.968,9 3.279,3 8,8659
500 7,1338 3.132,6 3.489,3 9,1566
600 8,0577 3.303,1 3.706,0 9,4201
700 8,9813 3.480,6 3.929,7 9,6626
800 9,9047 3.665,2 4.160,4 9,8883
900 10,8280 3.856,8 4.398,2 10,1000
1.000 11,7513 4.055,2 4.642,7 10,3000
1.100 12,6745 4.259,9 4.893,7 10,4897
1.200 13,5977 4.470,8 5.150,7 10,6704
1.300 14,5209 4.687,3 5.413,3 10,8429
