120,21 0,88578 2.529,1 2.706,3 7,1270
150 0,95986 2.577,1 2.769,1 7,2810
200 1,08049 2.654,6 2.870,7 7,5081
250 1,19890 2.731,4 2.971,2 7,7100
300 1,31623 2.808,8 3.072,1 7,8941
400 1,54934 2.967,2 3.277,0 8,2236
500 1,78142 3.131,4 3.487,7 8,5153
600 2,01302 3.302,2 3.704,8 8,7793
700 2,24434 3.479,9 3.928,8 9,0221
800 2,47550 3.664,7 4.159,8 9,2479
900 2,70656 3.856,3 4.397,7 9,4598
1.000 2,93755 4.054,8 4.642,3 9,6599
1.100 3,16848 4.259,6 4.893,3 9,8497
1.200 3,39938 4.470,5 5.150,4 10,0304
1.300 3,63026 4.687,1 5.413,1 10,0229
