158,83 0,31560 2.566,8 2.756,2 6,7593
200 0,35212 2.639,4 2.850,6 6,9683
250 0,39390 2.721,2 2.957,6 7,1833
300 0,43442 2.801,4 3.062,0 7,3740
350 0,47428 2.881,6 3.166,1 7,5481
400 0,51374 2.962,5 3.270,8 7,7097
500 0,59200 3.128,2 3.483,4 8,0041
600 0,66976 3.299,8 3.701,7 8,2695
700 0,74725 3.478,1 3.926,4 8,5132
800 0,82457 3.663,2 4.157,9 8,7395
900 0,90179 3.855,1 4.396,2 8,9518
1.000 0,97893 4.053,8 4.641,1 9,1521
1.100 1,05603 4.258,8 4.892,4 9,3420
1.200 1,13309 4.469,8 5.149,6 9,5229
1.300 1,21012 4.686,4 5.412,5 9,6955
