99,61 1,6941 2.505,6 2.675,0 7,3589
100 1,6959 2.506,2 2.675,8 7,3611
150 1,9367 2.582,9 2.776,6 7,6148
200 2,1724 2.658,2 2.875,5 7,8356
250 2,4062 2.733,9 2.974,5 8,0346
300 2,6389 2.810,7 3.074,5 8,2172
400 3,1027 2.968,3 3.278,6 8,5452
500 3,5655 3.132,2 3.488,7 8,8362
600 4,0279 3.302,8 3.705,6 9,0999
700 4,4900 3.480,4 3.929,4 9,3424
800 4,9519 3.665,0 4.160,2 9,5682
900 5,4137 3.856,7 4.398,0 9,7800
1.000 5,8755 4.055,0 4.642,6 9,9800
1.100 6,3372 4.259,8 4.893,6 10,1698
1.200 6,7988 4.470,7 5.150,6 10,3504
1.300 7,2605 4.687,2 5.413,3 10,5229
