133,52 0,60582 2.543,2 2.724,9 6,9917
150 0,63402 2.571,0 2.761,2 7,0792
200 0,71643 2.651,0 2.865,9 7,3132
250 0,79645 2.728,9 2.967,9 7,5180
300 0,87535 2.807,0 3.069,6 7,7037
400 1,03155 2.966,0 3.275,5 8,0347
500 1,18672 3.130,6 3.486,6 8,3271
600 1,34139 3.301,6 3.704,0 8,5915
700 1,49580 3.479,5 3.928,2 8,8345
800 1,65004 3.664,3 4.159,3 9,0605
900 1,80417 3.856,0 4.397,3 9,2725
1.000 1,95824 4.054,5 4.642,0 9,4726
1.100 2,11226 4.259,4 4.893,1 9,6624
1.200 2,26624 4.470,3 5.150,2 9,8431
1.300 2,42019 4.686,9 5.413,0 10,0157
