151,83 0,37483 2.560,7 2.748,1 6,8207
200 0,42503 2.643,3 2.855,8 7,0610
250 0,47443 2.723,8 2.961,0 7,2725
300 0,52261 2.803,3 3.064,6 7,4614
350 0,57015 2.883,0 3.168,1 7,6346
400 0,61731 2.963,7 3.272,4 7,7956
500 0,71095 3.129,0 3.484,5 8,0893
600 0,80409 3.300,4 3.702,5 8,3544
700 0,89696 3.478,6 3.927,0 8,5978
800 0,98966 3.663,6 4.158,4 8,8240
900 1,08227 3.855,4 4.396,6 9,0362
1.000 1,17480 4.054,0 4.641,4 9,2364
1.100 1,26728 4.259,0 4.892,6 9,4263
1.200 1,35972 4.470,0 5.149,8 9,6071
1.300 1,45214 4.686,6 5.412,6 9,7797
