170,41 0,24035 2.576,0 2.768,3 6,6616
200 0,26088 2.631,1 2.839,8 6,8177
250 0,29321 2.715,9 2.950,4 7,0402
300 0,32416 2.797,5 3.056,9 7,2345
350 0,35442 2.878,6 3.162,2 7,4107
400 0,38429 2.960,2 3.267,3 7,5735
500 0,44332 3.126,6 3.481,3 7,8692
600 0,50186 3.298,7 3.700,1 8,1354
700 0,56011 3.477,2 3.925,1 8,3794
800 0,61820 3.662,5 4.157,0 8,6061
900 0,67619 3.854,5 4.395,5 8,8185
1.000 0,73411 4.053,3 4.640,5 9,0189
1.100 0,79197 4.258,3 4.891,9 9,2090
1.200 0,84980 4.469,4 5.149,3 9,3898
1.300 0,90761 4.686,1 5.412,3 9,5625
