45,81 14,670 2.437,2 2.583,9 8,1488
50 14,867 2.443,3 2.592,0 8,1741
100 17,196 2.515,5 2.687,5 8,4489
150 19,513 2.587,9 2.783,0 8,6893
200 21,826 2.661,4 2.879,6 8,9049
250 24,136 2.736,1 2.977,5 9,1015
300 26,446 2.812,3 3.076,7 9,2827
400 31,063 2.969,3 3.280,0 9,6094
500 35,680 3.132,9 3.489,7 9,8998
600 40,296 3.303,3 3.706,3 10,1631
700 44,911 3.480,8 3.929,9 10,4056
800 49,527 3.665,4 4.160,6 10,6312
900 54,143 3.856,9 4.398,3 10,8429
1.000 58,758 4.055,3 4.642,8 11,0429
1.100 63,373 4.260,0 4.893,8 11,2326
1.200 67,989 4.470,9 5.150,8 11,4132
1.300 72,604 4.687,4 5.413,4 11,5857
