187,96 0,16326 2.587,8 2.783,8 6,5217
200 0,16934 2.612,9 2.816,1 6,5909
250 0,19241 2.704,7 2.935,6 6,8313
300 0,21386 2.789,7 3.046,3 7,0335
350 0,23455 2.872,7 3.154,2 7,2139
400 0,25482 2.955,5 3.261,3 7,3793
500 0,29464 3.123,4 3.477,0 7,6779
600 0,33395 3.296,3 3.697,0 7,9456
700 0,37297 3.475,3 3.922,9 8,1904
800 0,41184 3.661,0 4.155,2 8,4176
900 0,45059 3.853,3 4.394,0 8,6303
1.000 0,48928 4.052,2 4.639,4 8,8310
1.100 0,52792 4.257,5 4.891,0 9,0212
1.200 0,56652 4.468,7 5.148,5 9,2022
1.300 0,60509 4.685,5 5.411,6 9,3750
