179,88 0,19437 2.582,8 2.777,1 6,5850
200 0,20602 2.622,3 2.828,3 6,6956
250 0,23275 2.710,4 2.943,1 6,9265
300 0,25799 2.793,7 3.051,6 7,1246
350 0,28250 2.875,7 3.158,2 7,3029
400 0,30661 2.957,9 3.264,5 7,4670
500 0,35411 3.125,0 3.479,1 7,7642
600 0,40111 3.297,5 3.698,6 8,0311
700 0,44783 3.476,3 3.924,1 8,2755
800 0,49438 3.661,7 4.156,1 8,5024
900 0,54083 3.853,9 4.394,8 8,7150
1.000 0,58721 4.052,7 4.640,0 8,9155
1.100 0,63354 4.257,9 4.891,5 9,1057
1.200 0,67983 4.469,1 5.148,9 9,2866
1.300 0,72610 4.685,8 5.411,9 9,4593
