195,04 0,14078 2.591,8 2.788,9 6,4675
200 0,14303 2.602,7 2.803,0 6,4975
250 0,16356 2.698,9 2.927,9 6,7488
300 0,18233 2.785,7 3.040,9 6,9553
350 0,20029 2.869,7 3.150,1 7,1379
400 0,21782 2.953,1 3.258,1 7,3046
500 0,25216 3.121,8 3.474,8 7,6047
600 0,28597 3.295,1 3.695,5 7,8730
700 0,31951 3.474,4 3.921,7 8,1183
800 0,35288 3.660,3 4.154,3 8,3458
900 0,38614 3.852,7 4.393,3 8,5587
1.000 0,41933 4.051,7 4.638,8 8,7595
1.100 0,45247 4.257,0 4.890,5 8,9497
1.200 0,48558 4.468,3 5.148,1 9,1308
1.300 0,51866 4.685,1 5.411,3 9,3036
