207,11 0,11037 2.597,3 2.795,9 6,3775
225 0,11678 2.637,0 2.847,2 6,4825
250 0,12502 2.686,7 2.911,7 6,6088
300 0,14025 2.777,4 3.029,9 6,8246
350 0,15460 2.863,5 3.141,9 7,0120
400 0,16849 2.948,3 3.251,6 7,1814
500 0,19551 3.118,5 3.470,4 7,4845
600 0,22200 3.292,7 3.692,3 7,7543
700 0,24822 3.472,6 3.919,2 8,0005
800 0,27426 3.658,8 4.152,5 8,2284
900 0,30020 3.851,5 4.391,9 8,4417
1.000 0,32606 4.050,7 4.637,6 8,6427
1.100 0,35188 4.256,2 4.889,6 8,8331
1.200 0,37766 4.467,6 5.147,3 9,0143
1.300 0,40341 4.684,5 5.410,6 9,1872
