201,37 0,12374 2.594,8 2.792,8 6,4200
225 0,13293 2.645,1 2.857,8 6,5537
250 0,14190 2.692,9 2.919,9 6,6753
300 0,15866 2.781,6 3.035,4 6,8864
350 0,17459 2.866,6 3.146,0 7,0713
400 0,19007 2.950,8 3.254,9 7,2394
500 0,22029 3.120,1 3.472,6 7,5410
600 0,24999 3.293,9 3.693,9 7,8101
700 0,27941 3.473,5 3.920,5 8,0558
800 0,30865 3.659,5 4.153,4 8,2834
900 0,33780 3.852,1 4.392,6 8,4965
1.000 0,36687 4.051,2 4.638,2 8,6974
1.100 0,39589 4.256,6 4.890,0 8,8878
1.200 0,42488 4.467,9 5.147,7 8,9689
1.300 0,45383 4.684,8 5.410,9 9,0143
