311,00 0,018028 2.545,2 2.725,5 5,6159
325 0,019877 2.611,6 2.810,3 5,7596
350 0,022440 2.699,6 2.924,0 5,9460
400 0,026363 2.833,1 3.097,5 6,2119
450 0,029782 2.944,5 3.242,4 6,4219
500 0,032811 3.047,0 3.375,1 6,5995
550 0,035693 3.145,4 3.502,1 6,7585
600 0,038378 3.242,0 3.625,8 6,9045
650 0,041018 3.338,0 3.748,1 7,0408
700 0,043589 3.434,0 3.870,0 7,1693
800 0,048629 3.628,2 4.114,5 7,4085
900 0,053547 3.826,5 4.362,0 7,6290
1.000 0,058391 4.029,9 4.613,8 7,8349
1.100 0,063183 4.238,5 4.870,3 8,0289
1.200 0,067942 4.452,4 5.131,7 8,2126
1.300 0,072667 4.671,3 5.398,0 8,3874
