327,81 0,013496 2.505,6 2.674,3 5,4638
350 0,016138 2.624,9 2.826,6 5,7130
400 0,020030 2.789,6 3.040,0 6,0433
450 0,023019 2.913,7 3.201,5 6,2749
500 0,025630 3.023,2 3.343,6 6,4651
550 0,028036 3.125,8 3.476,5 6,6317
600 0,030306 3.225,8 3.604,6 6,7828
650 0,032491 3.324,1 3.730,2 6,9227
700 0,034612 3.421,8 3.854,6 7,0540
800 0,038724 3.618,8 4.102,8 7,2967
900 0,042721 3.818,4 4.352,9 7,5195
1.000 0,046641 4.023,5 4.606,5 7,7269
1.100 0,050510 4.233,1 4.864,5 7,9220
1.200 0,054342 4.447,7 5.127,0 8,1065
1.300 0,058147 4.667,3 5.394,1 8,2819
