342,16 0,010341 2.455,7 2.610,8 5,3108
350 0,011481 2.520,9 2.693,1 5,4438
400 0,015671 2.740,6 2.975,7 5,8819
450 0,018477 2.880,8 3.157,9 6,1434
500 0,020828 2.998,4 3.310,8 6,3480
550 0,022945 3.106,2 3.450,4 6,5230
600 0,024921 3.209,3 3.583,1 6,6796
650 0,026804 3.309,8 3.712,1 6,8233
700 0,028621 3.409,8 3.839,1 6,9573
800 0,032121 3.609,3 4.091,1 7,2037
900 0,035503 3.811,1 4.343,7 7,4288
1.000 0,038808 4.017,1 4.599,2 7,6378
1.100 0,042062 4.227,7 4.858,6 7,8339
1.200 0,045279 4.443,1 5.122,3 8,0192
1.300 0,048469 4.663,3 5.390,3 8,1952
