354,67 0,007932 2.390,7 2.529,5 5,1435
400 0,012463 2.684,3 2.902,4 5,7211
450 0,015204 2.845,4 3.111,4 6,0212
500 0,017385 2.972,4 3.276,7 6,2424
550 0,019305 3.085,8 3.423,6 6,4266
600 0,021073 3.192,5 3.561,3 6,5890
650 0,022742 3.295,3 3.693,8 6,7366
700 0,024342 3.397,5 3.823,5 6,8735
800 0,027405 3.599,7 4.079,3 7,1237
900 0,030348 3.803,5 4.334,4 7,3511
1.000 0,033215 4.010,7 4.592,0 7,5616
1.100 0,036029 4.222,2 4.852,8 7,7588
1.200 0,038808 4.438,5 5.117,6 7,9449
1.300 0,041556 4.659,2 5.386,7 8,1215
