212,38 0,09959 2.599,1 2.798,3 6,3390
225 0,10381 2.628,5 2.836,1 6,4160
250 0,11150 2.680,3 2.903,3 6,5475
300 0,12551 2.773,2 3.024,2 6,7684
350 0,13860 2.860,5 3.137,7 6,9583
400 0,15122 2.945,9 3.248,4 7,1292
500 0,17568 3.116,9 3.468,3 7,4337
600 0,19962 3.291,5 3.690,7 7,7043
700 0,22326 3.471,7 3.918,2 7,9509
800 0,24674 3.658,0 4.151,5 8,1791
900 0,27012 3.850,9 4.391,1 8,3925
1.000 0,29342 4.050,2 4.637,1 8,5936
1.100 0,31667 4.255,7 4.889,1 8,7842
1.200 0,33989 4.467,2 5.147,0 8,9654
1.300 0,36308 4.684,2 5.410,3 9,1384
