223,95 0,07995 2.602,1 2.801,9 6,2558
225 0,08026 2.604,8 2.805,5 6,2629
250 0,08705 2.663,3 2.880,9 6,4107
300 0,09894 2.762,2 3.009,6 6,6459
350 0,10979 2.852,5 3.127,0 6,8424
400 0,12012 2.939,8 3.240,1 7,0170
450 0,13015 3.026,2 3.351,1 7,1754
500 0,13999 3.112,8 3.462,8 7,3254
600 0,15931 3.288,5 3.686,8 7,5979
700 0,17835 3.469,3 3.915,2 7,8455
800 0,19722 3.656,2 4.149,2 8,0744
900 0,21597 3.849,0 4.389,2 8,2882
1.000 0,23466 4.049,0 4.635,6 8,4897
1.100 0,25330 4.254,7 4.887,9 8,6804
1.200 0,27190 4.466,3 5.146,1 8,8618
1.300 0,29048 4.683,4 5.409,5 9,0349
