365,75 0,005862 2.294,8 2.412,1 4,9310
400 0,009950 2.617,9 2.816,9 5,5526
450 0,012721 2.807,3 3.061,7 5,9043
500 0,014793 2.945,3 3.241,2 6,1446
550 0,016571 3.064,7 3.396,2 6,3390
600 0,018185 3.175,3 3.539,0 6,5075
650 0,019695 3.280,4 3.675,3 6,6593
700 0,021134 3.385,1 3.807,8 6,7991
800 0,023870 3.590,1 4.067,5 7,0531
900 0,026484 3.795,7 4.325,1 7,2829
1.000 0,029020 4.004,3 4.584,7 7,4950
1.100 0,031504 4.216,9 4.847,0 7,6933
1.200 0,033952 4.433,8 5.112,9 7,8802
1.300 0,036371 4.655,2 5.382,7 8,0574
