375 0,001978 1.799,9 1.849,4 4,0345
400 0,006005 2.428,5 2.578,7 5,1400
425 0,007886 2.607,8 2.805,0 5,4708
450 0,009176 2.721,8 2.950,6 5,6759
500 0,011143 2.887,3 3.165,2 5,9643
550 0,012736 3.020,8 3.339,2 6,1816
600 0,014140 3.140,0 3.493,5 6,3637
650 0,015430 3.251,9 3.637,7 6,5243
700 0,016643 3.359,9 3.776,0 6,6702
800 0,018922 3.570,7 4.043,8 6,9322
900 0,021075 3.780,2 4.307,1 7,1668
1.000 0,023150 3.991,5 4.570,2 7,3821
1.100 0,025172 4.206,1 4.835,1 7,5825
1.200 0,027157 4.424,6 5.103,5 7,7710
1.300 0,029115 4.647,2 5.375,1 7,9494
