242,56 0,05706 2.603,0 2.802,7 6,1244
250 0,05876 2.624,0 2.829,7 6,1764
300 0,06845 2.738,8 2.978,4 6,4484
350 0,07680 2.836,0 3.104,9 6,6601
400 0,08456 2.927,2 3.223,2 6,8428
450 0,09198 3.016,1 3.338,1 7,0074
500 0,09919 3.104,5 3.451,7 7,1593
600 0,11325 3.282,5 3.678,9 7,4357
700 0,12702 3.464,7 3.909,3 7,6855
800 0,14061 3.652,5 4.144,6 7,9156
900 0,15410 3.846,4 4.385,7 8,1304
1.000 0,16751 4.046,4 4.632,7 8,3324
1.100 0,18087 4.252,5 4.885,6 8,5236
1.200 0,19420 4.464,4 5.144,1 8,7053
1.300 0,20750 4.681,8 5.408,0 8,8786
