233,85 0,06667 2.603,2 2.803,2 6,1856
250 0,07063 2.644,7 2.856,5 6,2893
300 0,08118 2.750,8 2.994,3 6,5412
350 0,09056 2.844,4 3.116,1 6,7450
400 0,09938 2.933,6 3.231,7 6,9235
450 0,10789 3.021,2 3.344,9 7,0856
500 0,11620 3.108,6 3.457,2 7,2359
600 0,13245 3.285,5 3.682,8 7,5103
700 0,14841 3.467,0 3.912,2 7,7590
800 0,16420 3.654,3 4.146,9 7,9885
900 0,17988 3.847,9 4.387,5 8,2028
1.000 0,19549 4.047,7 4.634,2 8,4045
1.100 0,21105 4.253,6 4.886,7 8,5955
1.200 0,22658 4.465,3 5.145,1 8,7771
1.300 0,24207 4.682,6 5.408,8 9,0502
