375 0,001792 1.738,1 1.791,9 3,9313
400 0,002798 2.068,9 2.152,8 4,4758
425 0,005299 2.452,9 2.611,8 5,1473
450 0,006737 2.618,9 2.821,0 5,4422
500 0,008693 2.824,0 3.084,8 5,7955
550 0,010175 2.974,5 3.279,7 6,0403
600 0,011445 3.103,4 3.446,8 6,2373
650 0,012590 3.222,1 3.599,4 6,4074
700 0,013654 3.334,3 3.743,9 6,5599
800 0,015628 3.551,2 4.020,0 6,8301
900 0,017473 3.764,9 4.288,8 7,0695
1.000 0,019240 3.978,6 4.555,5 7,2880
1.100 0,020954 4.195,3 4.823,1 7,4906
1.200 0,022630 4.415,3 5.094,2 7,6807
1.300 0,024279 4.639,2 5.367,6 7,8602
