375 0,001701 1.702,8 1.762,4 3,8724
400 0,002105 1.914,9 1.988,6 4,2144
425 0,003434 2.253,3 2.373,5 4,7751
450 0,004957 2.497,5 2.671,0 5,1946
500 0,006737 2.755,3 2.991,9 5,6331
550 0,008348 2.925,8 3.218,0 5,9093
600 0,009523 3.065,6 3.399,0 6,1229
650 0,010565 3.191,9 3.561,6 6,3030
700 0,011523 3.308,3 3.711,6 6,4623
800 0,013278 3.531,6 3.996,3 6,7409
900 0,014904 3.749,0 4.270,6 6,9853
1.000 0,016450 3.965,8 4.541,5 7,2069
1.100 0,017942 4.184,4 4.811,2 7,4118
1.200 0,019398 4.406,1 5.085,0 7,6034
1.300 0,020827 4.631,2 5.360,2 7,7841
