250,35 0,04978 2.601,7 2.800,8 6,0696
275 0,05461 2.668,9 2.887,3 6,2312
300 0,05887 2.726,2 2.961,7 6,3639
350 0,06647 2.827,4 3.093,3 6,5843
400 0,07343 2.920,8 3.214,5 6,7714
450 0,08004 3.011,0 3.331,2 6,9386
500 0,08644 3.100,3 3.446,0 7,0922
600 0,09850 3.279,4 3.674,9 7,3714
700 0,10986 3.462,4 3.906,3 7,6214
800 0,12098 3.650,6 4.142,3 7,8523
900 0,13192 3.844,8 4.383,9 8,0675
1.000 0,14276 4.045,1 4.631,2 8,2698
1.100 0,15353 4.251,3 4.884,3 8,4612
1.200 0,16424 4.463,5 5.143,2 8,6430
1.300 0,18157 4.680,1 5.406,5 8,8164
