257,44 0,04406 2.599,7 2.798,0 6,0198
275 0,04733 2.651,4 2.864,4 6,1429
300 0,05138 2.713,0 2.944,2 6,2854
350 0,05842 2.818,6 3.081,5 6,5153
400 0,06477 2.914,2 3.205,7 6,7071
450 0,07076 3.005,8 3.324,2 6,8770
500 0,07652 3.096,0 3.440,4 7,0323
600 0,08766 3.276,4 3.670,9 7,3127
700 0,09850 3.460,0 3.903,3 7,5647
800 0,10916 3.648,8 4.140,0 7,7962
900 0,11972 3.843,4 4.382,1 8,0118
1.000 0,13020 4.043,9 4.629,8 8,2144
1.100 0,14064 4.250,4 4.883,2 8,4060
1.200 0,15103 4.462,6 5.142,2 8,5880
1.300 0,16140 4.680,1 5.406,5 8,7616
