375 0,001641 1.677,0 1.742,6 3,8290
400 0,001911 1.855,0 1.931,4 4,1145
425 0,002538 2.097,5 2.199,0 4,5044
450 0,003692 2.364,2 2.511,8 4,9449
500 0,005623 2.681,6 2.906,5 5,4744
550 0,006985 2.875,1 3.154,4 5,7857
600 0,008089 3.026,8 3.352,1 6,0378
650 0,009053 3.161,3 3.523,6 6,2078
700 0,009930 3.282,0 3.679,2 6,3740
800 0,011521 3.511,1 3.972,6 6,6613
900 0,012980 3.733,3 4.252,7 6,9107
1.000 0,014360 3.952,9 4.527,3 7,1355
1.100 0,015686 4.173,4 4.799,5 7,3424
1.200 0,016976 4.396,9 5.075,9 7,5357
1.300 0,018239 4.623,3 5.352,8 7,7175
