263,94 0,03945 2.597,0 2.794,2 5,9737
275 0,04144 2.632,3 2.839,5 6,0571
300 0,04535 2.699,0 2.925,7 6,2111
350 0,05197 2.809,5 3.069,3 6,4516
400 0,05784 2.907,5 3.196,7 6,6483
450 0,06332 3.000,6 3.317,2 6,8210
500 0,06858 3.091,8 3.434,7 6,9781
600 0,07870 3.273,3 3.666,9 7,2605
700 0,08852 3.457,7 3.900,3 7,5136
800 0,09816 3.646,9 4.137,7 7,7458
900 0,10769 3.841,8 4.380,2 7,9619
1.000 0,11715 4.042,6 4.628,3 8,1648
1.100 0,12655 4.249,3 4.882,1 8,3566
1.200 0,13592 4.461,6 5.141,3 8,5388
1.300 0,14527 4.679,3 5.405,7 8,7124
