375 0,001560 1.638,6 1.716,6 3,7642
400 0,001731 1.787,8 1.874,4 4,0029
425 0,002009 1.960,3 2.060,7 4,2746
450 0,002487 2.160,3 2.284,7 4,5896
500 0,003890 2.528,1 2.722,6 5,1762
550 0,005118 2.769,5 3.025,4 5,5663
600 0,006108 2.947,1 3.252,6 5,8323
650 0,006989 3.096,5 3.443,5 6,0537
700 0,007717 3.228,7 3.614,5 6,2478
800 0,009073 3.472,0 3.925,8 6,5867
900 0,010296 3.702,0 4.216,8 6,8725
1.000 0,011441 3.927,2 4.499,4 7,1304
1.100 0,012534 4.152,5 4.778,1 7,3248
1.200 0,013590 4.378,6 5.058,1 7,5390
1.300 0,014620 4.607,5 5.338,5 7,6048
