275,59 0,03245 2.589,9 2.784,6 5,8902
300 0,03619 2.668,4 2.885,6 6,0703
350 0,04225 2.790,4 3.043,9 6,3357
400 0,04742 2.893,7 3.178,3 6,5432
450 0,05217 2.989,9 3.302,9 6,7219
500 0,05667 3.083,1 3.423,1 6,8826
550 0,06102 3.175,2 3.541,3 7,0308
600 0,06527 3.267,3 3.658,8 7,1693
700 0,07355 3.453,0 3.894,3 7,4247
800 0,08165 3.642,9 4.133,1 7,6582
900 0,08964 3.838,4 4.376,6 7,8751
1.000 0,09756 4.040,1 4.625,4 8,0786
1.100 0,10543 4.247,5 4.880,0 8,2709
1.200 0,11326 4.459,8 5.139,4 8,4534
1.300 0,12107 4.677,7 5.404,1 8,6273
