375 0,001503 1.609,7 1.699,9 3,7149
400 0,001633 1.745,2 1.843,2 3,9317
425 0,001816 1.892,9 2.001,8 4,1630
450 0,002086 2.055,1 2.180,2 4,4140
500 0,002952 2.364,6 2.571,0 4,9356
550 0,003955 2.664,6 2.901,9 5,3517
600 0,004833 2.866,8 3.156,8 5,6527
650 0,005627 3.031,3 3.366,8 5,8867
700 0,006265 3.175,4 3.551,3 6,0814
800 0,007456 3.432,6 3.880,1 6,4033
900 0,008519 3.670,9 4.182,1 6,6725
1.000 0,009504 3.902,0 4.472,2 6,9099
1.100 0,010439 4.130,5 4.757,0 7,1248
1.200 0,011339 4.360,5 5.040,8 7,3248
1.300 0,012213 4.591,8 5.324,5 7,5111
