285,83 0,027378 2.581,0 2.772,6 5,8148
300 0,029492 2.633,5 2.839,9 5,9337
350 0,035262 2.770,1 3.016,9 6,2305
400 0,039958 2.879,5 3.159,2 6,4502
450 0,044187 2.979,0 3.288,3 6,6353
500 0,048157 3.074,3 3.411,4 6,8000
550 0,051966 3.167,9 3.531,6 6,9507
600 0,055665 3.261,0 3.650,6 7,0910
700 0,062850 3.448,3 3.888,3 7,3487
800 0,069986 3.639,5 4.128,5 7,5836
900 0,076750 3.835,7 4.373,0 7,8014
1.000 0,083571 4.037,5 4.622,5 8,0055
1.100 0,090341 4.245,0 4.877,4 7,9982
1.200 0,097075 4.457,9 5.137,4 8,3810
1.300 0,103784 4.676,1 5.402,6 8,5551
