295,01 0,023525 2.570,5 2.758,7 5,7450
300 0,024279 2.592,3 2.786,5 5,7937
350 0,029975 2.748,3 2.988,1 6,1321
400 0,034344 2.864,6 3.139,4 6,3658
450 0,038194 2.967,8 3.273,3 6,5579
500 0,041767 3.065,4 3.399,5 6,7266
550 0,045186 3.160,5 3.521,8 6,8800
600 0,048463 3.254,7 3.642,4 7,0221
700 0,054829 3.443,6 3.882,2 7,2822
800 0,061011 3.635,7 4.123,8 7,5185
900 0,067082 3.832,7 4.369,3 7,7372
1.000 0,073079 4.035,0 4.619,6 7,9419
1.100 0,079025 4.242,8 4.875,0 8,1350
1.200 0,084934 4.456,1 5.135,5 8,3181
1.300 0,090817 4.674,5 5.401,0 8,4925
