303,35 0,020489 2.558,5 2.742,9 5,6791
325 0,023284 2.647,6 2.857,1 5,8738
350 0,025816 2.725,0 2.957,3 6,0380
400 0,029960 2.849,2 3.118,8 6,2876
450 0,033524 2.956,3 3.258,0 6,4872
500 0,036793 3.056,3 3.387,4 6,6603
550 0,039885 3.153,0 3.512,0 6,8164
600 0,042861 3.248,3 3.634,1 6,9605
650 0,045755 3.343,4 3.755,2 7,0954
700 0,048589 3.438,8 3.876,1 7,2229
800 0,054132 3.632,0 4.119,2 7,4606
900 0,059562 3.829,6 4.365,7 7,6802
1.000 0,064919 4.032,5 4.616,7 7,8855
1.100 0,070224 4.240,7 4.872,7 7,9791
1.200 0,075487 4.454,2 5.133,6 8,2619
1.300 0,080733 4.672,9 5.399,5 8,4371
