1,0 6,97 0,001000 129,19 29,302 2.355,2 2.384,5 29,303 2.484,4 2.513,7 0,1059 8,8690 8,9749
1,5 13,02 0,001001 87,964 54,686 2.338,1 2.392,8 54,688 2.470,1 2.524,7 0,1956 8,6314 8,8270
2,0 17,50 0,001001 66,990 73,431 2.325,5 2.398,9 73,433 2.459,5 2.532,9 0,2606 8,4621 8,7227
2,5 21,08 0,001002 54,242 88,422 2.315,4 2.403,8 88,424 2.451,0 2.539,4 0,3118 8,3302 8,6421
3,0 24,08 0,001003 45,654 100,98 2.306,9 2.407,9 100,98 2.443,9 2.544,8 0,3543 8,2222 8,5765
4,0 28,96 0,001004 34,791 121,39 2.293,1 2.414,5 121,39 2.432,3 2.553,7 0,4224 8,0510 8,4734
5,0 32,87 0,001005 28,185 137,75 2.282,1 2.419,8 137,75 2.423,0 2.560,7 0,4762 7,9176 8,3938
7,5 40,29 0,001008 19,233 168,74 2.261,1 2.429,8 168,75 2.405,3 2.574,0 0,5763 7,6738 8,2501
10 45,81 0,001010 14,670 191,79 2.245,4 2.437,2 191,81 2.392,1 2.583,9 0,6492 7,4996 8,1488
15 53,97 0,001014 10,020 225,93 2.222,1 2.448,0 225,94 2.372,3 2.598,3 0,7549 7,2522 8,0071
20 60,06 0,001017 7,6481 251,40 2.204,6 2.456,0 251,42 2.357,5 2.608,9 0,8320 7,0752 7,9073
25 64,96 0,001020 6,2034 271,93 2.190,4 2.462,4 271,96 2.345,5 2.617,5 0,8932 6,9370 7,8302
30 69,09 0,001022 5,2287 289,24 2.178,5 2.467,7 289,27 2.335,3 2.624,6 0,9441 6,8234 7,7675
40 75,86 0,001026 3,9933 317,58 2.158,8 2.476,3 317,62 2.318,4 2.636,1 1,0261 6,6430 7,6691
50 81,32 0,001030 3,2403 340,49 2.142,7 2.483,2 340,54 2.304,7 2.645,2 1,0912 6,5019 7,5931
75 91,76 0,001037 2,2172 384,36 2.111,8 2.496,1 384,44 2.278,0 2.662,4 1,2132 6,2426 7,4558
100 99,61 0,001043 1,6941 417,40 2.088,2 2.505,6 417,51 2.257,5 2.675,0 1,3028 6,0562 7,3589
101,325 99,97 0,001043 1,6734 418,95 2.087,0 2.506,0 419,06 2.256,5 2.675,6 1,3069 6,0476 7,3545
125 105,97 0,001048 1,3750 444,23 2.068,8 2.513,0 444,36 2.240,6 2.684,9 1,3741 5,9100 7,2841
150 111,35 0,001053 1,1594 466,97 2.052,3 2.519,2 467,13 2.226,0 2.693,1 1,4337 5,7894 7,2231
175 116,04 0,001057 1,0037 486,82 2.037,7 2.524,5 487,01 2.213,1 2.700,2 1,4850 5,6865 7,1716
200 120,21 0,001061 0,88578 504,50 2.024,6 2.529,1 504,71 2.201,6 2.706,3 1,5302 5,5968 7,1270
225 123,97 0,001064 0,79329 520,47 2.012,7 2.533,2 520,71 2.191,0 2.711,7 1,5706 5,5171 7,0877
250 127,41 0,001067 0,71873 535,08 2.001,8 2.536,8 535,35 2.181,2 2.716,5 1,6072 5,4453 7,0525
275 130,58 0,001070 0,65732 548,57 1.991,6 2.540,1 548,86 2.172,0 2.720,9 1,6408 5,3800 7,0207
300 133,52 0,001073 0,60582 561,11 1.982,1 2.543,2 561,43 2.163,5 2.724,9 1,6717 5,3200 6,9917
325 136,27 0,001076 0,56199 572,84 1.973,1 2.545,9 573,19 2.155,4 2.728,6 1,7005 5,2645 6,9650
350 138,86 0,001079 0,52422 583,89 1.964,6 2.548,5 584,26 2.147,7 2.732,0 1,7274 5,2128 6,9402
375 141,30 0,001081 0,49133 594,32 1.956,6 2.550,9 594,73 2.140,4 2.735,1 1,7526 5,1645 6,9171
400 143,61 0,001084 0,46242 604,22 1.948,9 2.553,1 604,66 2.133,4 2.738,1 1,7765 5,1191 6,8955
450 147,90 0,001088 0,41392 622,65 1.934,5 2.557,1 623,14 2.120,3 2.743,4 1,8205 5,0356 6,8561
500 151,83 0,001093 0,37483 639,54 1.921,2 2.560,7 640,09 2.108,0 2.748,1 1,8604 4,9603 6,8207
550 155,46 0,001097 0,34261 655,16 1.908,8 2.563,9 655,77 2.096,6 2.752,4 1,8970 4,8916 6,7886
600 158,83 0,001101 0,31560 669,72 1.897,1 2.566,8 670,38 2.085,8 2.756,2 1,9308 4,8285 6,7593
650 161,98 0,001104 0,29260 683,37 1.886,1 2.569,4 684,08 2.075,5 2.759,6 1,9623 4,7699 6,7322
700 164,95 0,001108 0,27278 696,23 1.875,6 2.571,8 697,00 2.065,8 2.762,8 1,9918 4,7153 6,7071
750 167,75 0,001111 0,25552 708,40 1.865,6 2.574,0 709,24 2.056,4 2.765,7 2,0195 4,6642 6,6837
800 170,41 0,001115 0,24035 719,97 1.856,1 2.576,0 720,87 2.047,5 2.768,3 2,0457 4,6160 6,6616
850 172,94 0,001118 0,22690 731,00 1.846,9 2.577,9 731,95 2.038,8 2.770,8 2,0705 4,5705 6,6409
900 175,35 0,001121 0,21489 741,55 1.838,1 2.579,6 742,56 2.030,5 2.773,0 2,0941 4,5273 6,6213
950 177,66 0,001124 0,20411 751,67 1.829,6 2.581,3 752,74 2.022,4 2.775,2 2,1166 4,4862 6,6027
1.000 179,88 0,001127 0,19436 761,39 1.821,4 2.582,8 762,51 2.014,6 2.777,1 2,1381 4,4470 6,5850
1.100 184,06 0,001133 0,17745 779,78 1.805,7 2.585,5 781,03 1.999,6 2.780,7 2,1785 4,3735 6,5520
1.200 187,96 0,001138 0,16326 796,96 1.790,9 2.587,8 798,33 1.985,4 2.783,8 2,2159 4,3058 6,5217
1.300 191,60 0,001144 0,15119 813,10 1.776,8 2.589,9 814,59 1.971,9 2.786,5 2,2508 4,2428 6,4936
1.400 195,04 0,001149 0,14078 828,35 1.763,4 2.591,8 829,96 1.958,9 2.788,9 2,2835 4,1840 6,4675
1.500 198,29 0,001154 0,13171 842,82 1.750,6 2.593,4 844,55 1.946,4 2.791,0 2,3143 4,1287 6,4430
1.750 205,72 0,001166 0,11344 876,12 1.720,6 2.596,7 878,16 1.917,1 2.795,2 2,3844 4,0033 6,3877
2.000 212,38 0,001177 0,099587 906,12 1.693,0 2.599,1 908,47 1.889,8 2.798,3 2,4467 3,8923 6,3390
2.250 218,41 0,001187 0,088717 933,54 1.667,3 2.600,9 936,21 1.864,3 2.800,5 2,5029 3,7926 6,2954
2.500 223,95 0,001197 0,079952 958,87 1.643,2 2.602,1 961,87 1.840,1 2.801,9 2,5542 3,7016 6,2558
3.000 233,85 0,001217 0,066667 1.004,6 1.598,5 2.603,2 1.008,3 1.794,9 2.803,2 2,6454 3,5402 6,1856
3.500 242,56 0,001235 0,057061 1.045,4 1.557,6 2.603,0 1.049,7 1.753,0 2.802,7 2,7253 3,3991 6,1244
4.000 250,35 0,001252 0,049779 1.082,4 1.519,3 2.601,7 1.087,4 1.713,5 2.800,8 2,7966 3,2731 6,0696
5.000 263,94 0,001286 0,039448 1.148,1 1.448,9 2.597,0 1.154,5 1.639,7 2.794,2 2,9207 3,0530 5,9737
6.000 275,59 0,001319 0,032449 1.205,8 1.384,1 2.589,9 1.213,8 1.570,9 2.784,6 3,0275 2,8627 5,8902
7.000 285,83 0,001352 0,027378 1.258,0 1.323,0 2.581,0 1.267,5 1.505,2 2.772,6 3,1220 2,6927 5,8148
8.000 295,01 0,001384 0,023525 1.306,0 1.264,5 2.570,5 1.317,1 1.441,6 2.758,7 3,2077 2,5373 5,7450
9.000 303,35 0,001418 0,020489 1.350,9 1.207,6 2.558,5 1.363,7 1.379,3 2.742,9 3,2866 2,3925 5,6791
10.000 311,00 0,001452 0,018028 1.393,3 1.151,8 2.545,2 1.407,8 1.317,6 2.725,5 3,3603 2,2556 5,6159
11.000 318,08 0,001488 0,015988 1.433,9 1.096,6 2.530,4 1.450,2 1.256,1 2.706,3 3,4299 2,1245 5,5544
12.000 324,68 0,001526 0,014264 1.473,0 1.041,3 2.514,3 1.491,3 1.194,1 2.685,4 3,4964 1,9975 5,4939
13.000 330,85 0,001566 0,012781 1.511,0 985,5 2.496,6 1.531,4 1.131,3 2.662,7 3,5606 1,8730 5,4336
14.000 336,67 0,001610 0,011487 1.548,4 928,7 2.477,1 1.571,0 1.067,0 2.637,9 3,6232 1,7497 5,3728
15.000 342,16 0,001657 0,010341 1.585,5 870,3 2.455,7 1.610,3 1.000,5 2.610,8 3,6848 1,6261 5,3108
16.000 347,36 0,001710 0,009312 1.622,6 809,4 2.432,0 1.649,9 931,1 2.581,0 3,7461 1,5005 5,2466
17.000 352,29 0,001770 0,008374 1.660,2 745,1 2.405,4 1.690,3 857,4 2.547,7 3,8082 1,3709 5,1791
18.000 356,99 0,001840 0,007504 1.699,1 675,9 2.375,0 1.732,2 777,8 2.510,0 3,8720 1,2343 5,1064
19.000 361,47 0,001926 0,006677 1.740,3 598,9 2.339,2 1.776,8 689,2 2.466,0 3,9396 1,0860 5,0256
20.000 365,75 0,002038 0,005862 1.785,8 509,0 2.294,8 1.826,6 585,5 2.412,1 4,0146 0,9164 4,9310
21.000 369,83 0,002207 0,004994 1.841,6 391,9 2.233,5 1.888,0 450,4 2.338,4 4,1071 0,7005 4,8076
22.000 373,71 0,002703 0,003644 1.951,7 140,8 2.092,4 2.011,1 161,5 2.172,6 4,2942 0,2496 4,5439
22.064 373,95 0,003106 0,003106 2.015,7 0 2.015,7 2.084,3 0 2.084,3 4,4070 0 4,4070
