0,01 0,6117 0,001000 206,00 0,000 2.374,9 2.374,9 0,001 2.500,9 2.500,9 0,0000 9,1556 9,1556
5 0,8725 0,001000 147,03 21,019 2.360,8 2.381,8 21,020 2.489,1 2.510,1 0,0763 8,9487 9,0249
10 1,2281 0,001000 106,32 42,020 2.346,6 2.388,7 42,022 2.477,2 2.519,2 0,1511 8,7488 8,8999
15 1,7057 0,001001 77,885 62,980 2.332,5 2.395,5 62,982 2.465,4 2.528,3 0,2245 8,5559 8,7803
20 2,3392 0,001002 57,762 83,913 2.318,4 2.402,3 83,915 2.453,5 2.537,4 0,2965 8,3696 8,6661
25 3,1698 0,001003 43,340 104,83 2.304,3 2.409,1 104,83 2.441,7 2.546,5 0,3672 8,1895 8,5567
30 4,2469 0,001004 32,879 125,73 2.290,2 2.415,9 125,74 2.429,8 2.555,6 0,4368 8,0152 8,4520
35 5,6291 0,001006 25,205 146,63 2.276,0 2.422,7 146,64 2.417,9 2.564,6 0,5051 7,8466 8,3517
40 7,3851 0,001008 19,515 167,53 2.261,9 2.429,4 167,53 2.406,0 2.573,5 0,5724 7,6832 8,2556
45 9,5953 0,001010 15,251 188,43 2.247,7 2.436,1 188,44 2.394,0 2.582,4 0,6386 7,5247 8,1633
50 12,352 0,001012 12,026 209,33 2.233,4 2.442,7 209,34 2.382,0 2.591,3 0,7038 7,3710 8,0748
55 15,763 0,001015 9,5639 230,24 2.219,1 2.449,3 230,26 2.369,8 2.600,1 0,7680 7,2218 7,9898
60 19,947 0,001017 7,6670 251,16 2.204,7 2.455,9 251,18 2.357,7 2.608,8 0,8313 7,0769 7,9082
65 25,043 0,001020 6,1935 272,09 2.190,3 2.462,4 272,12 2.345,4 2.617,5 0,8937 6,9360 7,8296
70 31,202 0,001023 5,0396 293,04 2.175,8 2.468,9 293,07 2.333,0 2.626,1 0,9551 6,7989 7,7540
75 38,597 0,001026 4,1291 313,99 2.161,3 2.475,3 314,03 2.320,6 2.634,6 1,0158 6,6655 7,6812
80 47,416 0,001029 3,4053 334,97 2.146,6 2.481,6 335,02 2.308,0 2.643,0 1,0756 6,5355 7,6111
85 57,868 0,001032 2,8261 355,96 2.131,9 2.487,8 356,02 2.295,3 2.651,4 1,1346 6,4089 7,5435
90 70,183 0,001036 2,3593 376,97 2.117,0 2.494,0 377,04 2.282,5 2.659,6 1,1929 6,2853 7,4782
95 84,609 0,001040 1,9808 398,00 2.102,0 2.500,1 398,09 2.269,6 2.667,6 1,2504 6,1647 7,4151
100 101,42 0,001043 1,6720 419,06 2.087,0 2.506,0 419,17 2.256,4 2.675,6 1,3072 6,0470 7,3542
105 120,90 0,001047 1,4186 440,15 2.071,8 2.511,9 440,28 2.243,1 2.683,4 1,3634 5,9319 7,2952
110 143,38 0,001052 1,2094 461,27 2.056,4 2.517,7 461,42 2.229,7 2.691,1 1,4188 5,8193 7,2382
115 169,18 0,001056 1,0360 482,42 2.040,9 2.523,3 482,59 2.216,0 2.698,6 1,4737 5,7092 7,1829
120 198,67 0,001060 0,89133 503,60 2.025,3 2.528,9 503,81 2.202,1 2.706,0 1,5279 5,6013 7,1292
125 232,23 0,001065 0,77012 524,83 2.009,5 2.534,3 525,07 2.188,1 2.713,1 1,5816 5,4956 7,0771
130 270,28 0,001070 0,66808 546,10 1.993,4 2.539,5 546,38 2.173,7 2.720,1 1,6346 5,3919 7,0265
135 313,22 0,001075 0,58179 567,41 1.977,3 2.544,7 567,75 2.159,1 2.726,9 1,6872 5,2901 6,9773
140 361,53 0,001080 0,50850 588,77 1.960,9 2.549,6 589,16 2.144,3 2.733,5 1,7392 5,1901 6,9294
145 415,68 0,001085 0,44600 610,19 1.944,2 2.554,4 610,64 2.129,2 2.739,8 1,7908 5,0919 6,8827
150 476,16 0,001091 0,39248 631,66 1.927,4 2.559,1 632,18 2.113,8 2.745,9 1,8418 4,9953 6,8371
155 543,49 0,001096 0,34648 653,19 1.910,3 2.563,5 653,79 2.098,0 2.751,8 1,8924 4,9002 6,7927
160 618,23 0,001102 0,30680 674,79 1.893,0 2.567,8 675,47 2.082,0 2.757,5 1,9426 4,8066 6,7492
165 700,93 0,001108 0,27244 696,46 1.875,4 2.571,9 697,24 2.065,6 2.762,8 1,9923 4,7143 6,7067
170 792,18 0,001114 0,24260 718,20 1.857,5 2.575,7 719,08 2.048,8 2.767,9 2,0417 4,6233 6,6650
175 892,60 0,001121 0,21659 740,02 1.839,4 2.579,4 741,02 2.031,7 2.772,7 2,0906 4,5335 6,6242
180 1.002,8 0,001127 0,19384 761,92 1.820,9 2.582,8 763,05 2.014,2 2.777,2 2,1392 4,4448 6,5841
185 1.123,5 0,001134 0,17390 783,91 1.802,1 2.586,0 785,19 1.996,2 2.781,4 2,1875 4,3572 6,5447
190 1.255,2 0,001141 0,15636 806,00 1.783,0 2.589,0 807,43 1.977,9 2.785,3 2,2355 4,2705 6,5059
195 1.398,8 0,001149 0,14089 828,18 1.763,6 2.591,7 829,78 1.959,0 2.788,8 2,2831 4,1847 6,4678
200 1.554,9 0,001157 0,12721 850,46 1.743,7 2.594,2 852,26 1.939,8 2.792,0 2,3305 4,0997 6,4302
205 1.724,3 0,001164 0,11508 872,86 1.723,5 2.596,4 874,87 1.920,0 2.794,8 2,3776 4,0154 6,3930
210 1.907,7 0,001173 0,10429 895,38 1.702,9 2.598,3 897,61 1.899,7 2.797,3 2,4245 3,9318 6,3563
215 2.105,9 0,001181 0,094680 918,02 1.681,9 2.599,9 920,50 1.878,8 2.799,3 2,4712 3,8489 6,3200
220 2.319,6 0,001190 0,086094 940,79 1.660,5 2.601,3 943,55 1.857,4 2.801,0 2,5176 3,7664 6,2840
225 2.549,7 0,001199 0,078405 963,70 1.638,6 2.602,3 966,76 1.835,4 2.802,2 2,5639 3,6844 6,2483
230 2.797,1 0,001209 0,071505 986,76 1.616,1 2.602,9 990,14 1.812,8 2.802,9 2,6100 3,6028 6,2128
235 3.062,6 0,001219 0,065300 1.010,0 1.593,2 2.603,2 1.013,7 1.789,5 2.803,2 2,6560 3,5216 6,1775
240 3.347,0 0,001229 0,059707 1.033,4 1.569,8 2.603,1 1.037,5 1.765,5 2.803,0 2,7018 3,4405 6,1424
245 3.651,2 0,001240 0,054656 1.056,9 1.545,7 2.602,7 1.061,5 1.740,8 2.802,2 2,7476 3,3596 6,1072
250 3.976,2 0,001252 0,050085 1.080,7 1.521,1 2.601,8 1.085,7 1.715,3 2.801,0 2,7933 3,2788 6,0721
255 4.322,9 0,001263 0,045941 1.104,7 1.495,8 2.600,5 1.110,1 1.689,0 2.799,1 2,8390 3,1979 6,0369
260 4.692,3 0,001276 0,042175 1.128,8 1.469,9 2.598,7 1.134,8 1.661,8 2.796,6 2,8847 3,1169 6,0017
265 5.085,3 0,001289 0,038748 1.153,3 1.443,2 2.596,5 1.159,8 1.633,7 2.793,5 2,9304 3,0358 5,9662
270 5.503,0 0,001303 0,035622 1.177,9 1.415,7 2.593,7 1.185,1 1.604,6 2.789,7 2,9762 2,9542 5,9305
275 5.946,4 0,001317 0,032767 1.202,9 1.387,4 2.590,3 1.210,7 1.574,5 2.785,2 3,0221 2,8723 5,8944
280 6.416,6 0,001333 0,030153 1.228,2 1.358,2 2.586,4 1.236,7 1.543,2 2.779,9 3,0681 2,7898 5,8579
285 6.914,6 0,001349 0,027756 1.253,7 1.328,1 2.581,8 1.263,1 1.510,7 2.773,7 3,1144 2,7066 5,8210
290 7.441,8 0,001366 0,025554 1.279,7 1.296,9 2.576,5 1.289,8 1.476,9 2.766,7 3,1608 2,6225 5,7834
295 7.999,0 0,001384 0,023528 1.306,0 1.264,5 2.570,5 1.317,1 1.441,6 2.758,7 3,2076 2,5374 5,7450
300 8.587,9 0,001404 0,021659 1.332,7 1.230,9 2.563,6 1.344,8 1.404,8 2.749,6 3,2548 2,4511 5,7059
305 9.209,4 0,001425 0,019932 1.360,0 1.195,9 2.555,8 1.373,1 1.366,3 2.739,4 3,3024 2,3633 5,6657
310 9.865,0 0,001447 0,018333 1.387,7 1.159,3 2.547,1 1.402,0 1.325,9 2.727,9 3,3506 2,2737 5,6243
315 10.556 0,001472 0,016849 1.416,1 1.121,1 2.537,2 1.431,6 1.283,4 2.715,0 3,3994 2,1821 5,5816
320 11.284 0,001499 0,015470 1.445,1 1.080,9 2.526,0 1.462,0 1.238,5 2.700,6 3,4491 2,0881 5,5372
325 12.051 0,001528 0,014183 1.475,0 1.038,5 2.513,4 1.493,4 1.191,0 2.684,3 3,4998 1,9911 5,4908
330 12.858 0,001560 0,012979 1.505,7 993,5 2.499.2 1.525,8 1.140,3 2.666,0 3,5516 1,8906 5,4422
335 13.707 0,001597 0,011848 1.537,5 945,5 2.483,0 1.559,4 1.086,0 2.645,4 3,6050 1,7857 5,3907
340 14.601 0,001638 0,010783 1.570,7 893,8 2.464,5 1.594,6 1.027,4 2.622,0 3,6602 1,6756 5,3358
345 15.541 0,001685 0,009772 1.605,5 837,7 2.443,2 1.631,7 963,4 2.595,1 3,7179 1,5585 5,2765
350 16.529 0,001741 0,008806 1.642,4 775,9 2.418,3 1.671,2 892,7 2.563,9 3,7788 1,4326 5,2114
355 17.570 0,001808 0,007872 1.682,2 706,4 2.388,6 1.714,0 812,9 2.526,9 3,8442 1,2942 5,1384
360 18.666 0,001895 0,006950 1.726,2 625,7 2.351,9 1.761,5 720,1 2.481,6 3,9165 1,1373 5,0537
365 19.822 0,002015 0,006009 1.777,2 526,4 2.303,6 1.817,2 605,5 2.422,7 4,0004 0,9489 4,9493
370 21.044 0,002217 0,004953 1.844,5 385,6 2.230,1 1.891,2 443,1 2.334,3 4,1119 0,6890 4,8009
373,95 22.064 0,003106 0,003106 2.015,7 0 2.015,7 2.084,3 0 2.084,3 4,4070 0 4,4070
