0 0,000994 0,000 0,040 0,0000
20 0,000992 83,754 88,741 0,2965
40 0,000990 166,54 171,51 0,5725
60 0,000993 249,93 254,90 0,8287
80 0,001002 333,46 338,56 1,0723
100 0,001011 416,99 422,07 1,3030
120 0,001021 501,55 506,85 1,5236
140 0,001031 586,29 591,83 1,7344
160 0,001041 672,23 677,73 1,9371
180 0,001051 759,11 764,74 2,1338
200 0,001061 847,56 853,37 2,3251
220 0,001071 937,32 943,30 2,5127
240 0,001081 1.031,0 1.037,1 2,6983
260 0,001091 1.127,9 1.134,3 2,8841
280 0,001101 1.227,8 1.234,5 3,0704
300 0,001111 1.332,2 1.339,6 3,2580
320 0,001121 1.442,2 1.450,1 3,4477
340 0,001131 1.559,2 1.567,7 3,6400
360 0,001138 1.678,5 1.712,0 3,8350
380 0,001148 1.805,5 1.840,4 4,0344
400 0,001158 1.939,9 1.977,5 4,2399
420 0,001168 2.081,9 2.122,5 4,4509
440 0,001178 2.231,4 2.275,5 4,6669
460 0,001188 2.388,4 2.436,8 4,8869
480 0,001198 2.552,9 2.606,6 5,1099
500 0,001208 2.724,9 2.785,1 5,3349
520 0,001218 2.904,4 2.972,6 5,5609
540 0,001228 3.091,4 3.169,1 5,7879
560 0,001238 3.285,9 3.374,6 6,0159
580 0,001248 3.487,9 3.589,6 6,2449
600 0,001258 3.697,4 3.814,1 6,4749
620 0,001268 3.914,4 4.048,6 6,7059
640 0,001278 4.138,9 4.292,6 6,9379
660 0,001288 4.370,9 4.546,6 7,1709
680 0,001298 4.610,4 4.811,1 7,4049
700 0,001308 4.857,4 5.085,6 7,6399
